[
    {
        "title": "Rozdíly podle úrovně materiálního zajištění",
        "colors": [
            "#5651ce",
            "#ccc6c8",
            "#db3d78"
        ],
        "categories": [
            "Dobře",
            "Průměrně",
            "Špatně"
        ],
        "data": [
            [
                18.2792310116609,
                62.102111566341,
                19.6186574219981
            ],
            [
                33.3870967741935,
                56.7741935483871,
                9.83870967741936
            ],
            [
                29.4736842105263,
                60,
                10.5263157894737
            ],
            [
                22.8885135135135,
                63.4290540540541,
                13.6824324324324
            ],
            [
                14.863813229572,
                68.3268482490272,
                16.8093385214008
            ],
            [
                12.8571428571429,
                63.265306122449,
                23.8775510204082
            ],
            [
                6.80379746835443,
                50.7911392405063,
                42.4050632911392
            ]
        ]
    },
    {
        "title": "Rozdíly podle regionu",
        "colors": [
            "#db3d78",
            "#e8a6a6",
            "#4850bc",
            "#92b8dd",
            "#f2c093",
            "#d87d3f",
            "#8bc9c7",
            "#4da7bc"
        ],
        "categories": [
            "Praha",
            "Střední Čechy",
            "Jihozápad",
            "Severozápad",
            "Severovýchod",
            "Jihovýchod",
            "Střední Morava",
            "Moravskoslezsko"
        ],
        "data": [
            [
                13.2387706855792,
                12.8920409771474,
                11.4578408195429,
                10.2127659574468,
                14.1528762805359,
                16.5957446808511,
                10.4964539007092,
                10.9535066981876
            ],
            [
                21.7741935483871,
                10.8064516129032,
                9.51612903225806,
                7.25806451612903,
                14.0322580645161,
                17.258064516129,
                10.8064516129032,
                8.54838709677419
            ],
            [
                18.9189189189189,
                10.5105105105105,
                12.7627627627628,
                7.50750750750751,
                13.5135135135135,
                19.2192192192192,
                10.3603603603604,
                7.20720720720721
            ],
            [
                15.9763313609467,
                13.6939983093829,
                11.0735418427726,
                11.2426035502959,
                13.0177514792899,
                16.7371090448014,
                8.96027049873204,
                9.29839391377853
            ],
            [
                10.4280155642023,
                14.5525291828794,
                11.284046692607,
                10.0389105058366,
                13.6964980544747,
                16.4980544747082,
                10.3501945525292,
                13.1517509727626
            ],
            [
                10.3113833588566,
                12.6084737110771,
                12.0469627360898,
                10.7708014293007,
                15.6202143950995,
                16.1817253700868,
                10.9239407861154,
                11.5364982133742
            ],
            [
                8.54430379746835,
                13.4493670886076,
                11.2341772151899,
                12.6582278481013,
                13.4493670886076,
                14.3987341772152,
                12.1835443037975,
                14.0822784810127
            ]
        ]
    },
    {
        "title": "Rozdíly podle dosaženého vzdělání",
        "colors": [
            "#f2c093",
            "#85a1e0",
            "#4850bc"
        ],
        "categories": [
            "ZŠ a bez maturity",
            "SŠ s maturitou",
            "VŠ"
        ],
        "data": [
            [
                43.8732061189087,
                35.9249329758713,
                20.20186090522
            ],
            [
                20.6785137318255,
                34.5718901453958,
                44.7495961227787
            ],
            [
                26.5060240963855,
                41.1144578313253,
                32.3795180722892
            ],
            [
                38.8841927303466,
                37.9543533389687,
                23.1614539306847
            ],
            [
                50.1945525291829,
                35.6420233463035,
                14.1634241245136
            ],
            [
                51.2506380806534,
                35.5793772332823,
                13.1699846860643
            ],
            [
                58.4786053882726,
                29.635499207607,
                11.8858954041204
            ]
        ]
    },
    {
        "title": "Rozdíly podle věkových skupin",
        "colors": [
            "#ce3272",
            "#f78187",
            "#f9b393",
            "#cecbc8"
        ],
        "categories": [
            "18-29",
            "30-44",
            "45-59",
            "60 a více let"
        ],
        "data": [
            [
                15.4949558638083,
                28.4047919293821,
                25.8354350567465,
                30.264817150063
            ],
            [
                21.7741935483871,
                25.8064516129032,
                20.4838709677419,
                31.9354838709677
            ],
            [
                25.1506024096386,
                30.1204819277108,
                23.644578313253,
                21.0843373493976
            ],
            [
                20.0338123415047,
                29.6703296703297,
                23.5841081994928,
                26.7117497886729
            ],
            [
                15.9533073929961,
                29.8832684824903,
                23.8910505836576,
                30.272373540856
            ],
            [
                10.4081632653061,
                27.5510204081633,
                28.3673469387755,
                33.6734693877551
            ],
            [
                5.5379746835443,
                26.4240506329114,
                33.7025316455696,
                34.3354430379747
            ]
        ]
    }
]